-1.305225577195498143e+00 -1.214716234157107860e-01 -7.389667958967485739e-02 3.596489470794718337e-03 -4.549745770119861983e-03 -6.889120847985367134e-03 9.999594517233464375e-01
-1.305990051480641068e+00 -1.214618418488736945e-01 -7.390959987957411437e-02 3.597361106456685356e-03 -4.550562882412994420e-03 -6.889315037261018945e-03 9.999594435320067198e-01
-1.310608957060007018e+00 -1.167268810888312802e-01 -1.387075926843786000e-01 3.666409961991516208e-03 -3.457026681390670212e-03 -7.196953889173185459e-03 9.999614043848050748e-01
-1.315748911398069154e+00 -1.142963456963721341e-01 -2.123702446015298950e-01 3.668520866731078169e-03 -2.586319459895410067e-03 -7.422735270950947192e-03 9.999623772459637072e-01
-1.318198118630190097e+00 -1.135624983250310416e-01 -2.855559214774356924e-01 3.689251452774748412e-03 -2.191534706999439218e-03 -7.623931266551396864e-03 9.999617304034135179e-01
-1.322147814186009018e+00 -1.154430209351275105e-01 -3.181726991340314004e-01 3.681411717622662567e-03 -1.919434312559316347e-03 -7.571056973270585272e-03 9.999627203431098454e-01
-1.324596122311644697e+00 -1.157760294900784803e-01 -3.183741588978260539e-01 3.659372112230579576e-03 -1.944009291375487121e-03 -7.572262504220658025e-03 9.999627446381122997e-01
-1.326770235860513791e+00 -1.171569680813088488e-01 -3.180011469069169427e-01 3.636990046055144175e-03 -1.930874737974254147e-03 -7.510935225680448989e-03 9.999633142661717988e-01
-1.326852010105459501e+00 -1.187891324903497248e-01 -3.172464866157544972e-01 3.521569581560468620e-03 -1.876555323664736525e-03 -7.470898928001356437e-03 9.999641307352015174e-01
-1.328359996472772364e+00 -1.204204226252533344e-01 -3.177954518836516584e-01 3.648360406103408077e-03 -1.963370858105950318e-03 -7.414752665151140044e-03 9.999639273914510129e-01
-1.332784561939696522e+00 -1.153927345252992454e-01 -3.031102032791389567e-01 3.461985444197610007e-03 -2.020986491200610011e-02 -7.368083091804000263e-03 9.997626155085890254e-01
-1.307810595453052338e+00 -1.170322369769122017e-01 -2.996520937737683354e-01 3.075330028009562802e-03 -2.994468349568850385e-02 -7.278026171943468084e-03 9.995203292632933723e-01
-1.245133030304489852e+00 -1.162818815184755855e-01 -3.114908516806567107e-01 3.068396503101638619e-03 -2.438207450737764695e-02 -6.856483666486942914e-03 9.996744910306292198e-01
-1.161214398120091085e+00 -1.183184070140785998e-01 -3.189539536641908812e-01 3.136003449316769609e-03 -1.845425978241799908e-02 -6.329667917800971266e-03 9.998047514801574609e-01
-1.051821628407853204e+00 -1.242970065901566890e-01 -3.246225511851030809e-01 3.208549987480071447e-03 -1.354415625667373078e-02 -5.801619897120307776e-03 9.998862946579685218e-01
-9.183135677461495838e-01 -1.244712933982111969e-01 -3.251482363784371499e-01 3.102787450101512565e-03 -9.891512701028426155e-03 -5.600158775710823746e-03 9.999305820446795501e-01
-7.878077578784928869e-01 -1.234041233816164096e-01 -3.255076377024727075e-01 3.167380003321050921e-03 -7.646128592912462482e-03 -5.484652841745758615e-03 9.999507102875925257e-01
-6.158423419097173168e-01 -1.223954057842805421e-01 -3.270943140444966257e-01 3.272385879837890962e-03 -3.716225168807148031e-03 -5.404110764619072214e-03 9.999731380132127478e-01
-4.636206549737398319e-01 -1.296966423735952945e-01 -3.324459991402144432e-01 3.272238262423832027e-03 4.412421476227381019e-03 -4.805632476948843920e-03 9.999733640902473963e-01
-3.366782612753591586e-01 -1.312983238064077685e-01 -3.333760102709074635e-01 3.274174008590563945e-03 4.411193038868936600e-03 -4.806670637626594619e-03 9.999733581840651864e-01
-2.103867959991900793e-01 -1.324509913836756925e-01 -3.363255666253036624e-01 1.693817951239123820e-02 2.157069010883526892e-03 -4.822864598286758300e-03 9.998425801620748343e-01
-9.700676780524264409e-02 -1.191069221952117674e-01 -3.397700455950453113e-01 2.390576577383134518e-02 7.064040032347366918e-04 -4.820449215853088963e-03 9.997023450135086309e-01
1.493579376440368200e-02 -7.574897266404062579e-02 -3.401610070632951066e-01 2.188716374683154567e-02 5.623845025884338574e-05 -4.785014564409321124e-03 9.997489947661735155e-01
1.247576990809797781e-01 -9.798760253907023987e-03 -3.393709882382186516e-01 1.561979998918651066e-02 -3.356170081402263085e-04 -4.916043807052026919e-03 9.998658618648847973e-01
2.481814370465886821e-01 1.087110180502037643e-01 -3.489510878924079185e-01 1.022999689719111469e-02 3.638394052374227441e-03 -5.134694506879110276e-03 9.999278694808562129e-01
3.401441376171208120e-01 2.004110461992091308e-01 -3.514096825049907169e-01 7.657967591435264378e-03 4.334305954445711803e-03 -5.225530128033174272e-03 9.999476302082739299e-01
4.418391112433124324e-01 3.195618875231827638e-01 -3.478194731759407521e-01 -1.559924112852094542e-02 3.017799702017612707e-03 -5.386355344714277744e-03 9.998592619650394919e-01
4.816915025943324657e-01 4.299320389315050561e-01 -3.268285038377873875e-01 -1.598329392749048630e-02 -1.477100252926393832e-02 -6.325458351699195757e-03 9.997431371988250159e-01
6.085839329803197639e-01 4.793426037738001688e-01 -3.351501597786452624e-01 -3.786565151451162792e-02 -1.590906651399051283e-02 -6.198835743582679567e-03 9.991369618192788016e-01
7.217005548507282597e-01 4.732879531199661316e-01 -3.504819122396939379e-01 -3.378032279126565868e-02 -1.312847739917952575e-02 -5.940769452808514900e-03 9.993253925181756481e-01
8.567193657976854837e-01 4.227212578377375629e-01 -3.635248631606133873e-01 -1.481692408670010237e-02 -1.040445318238584875e-02 -5.649836609335975000e-03 9.998201265532077331e-01
1.012883091949290826e+00 3.404241085151836765e-01 -3.699977631960041924e-01 9.259812684250976270e-03 -8.546507389797312546e-03 -4.952159310137326659e-03 9.999083403985866703e-01
1.140407676368193624e+00 2.919635812276670794e-01 -3.781772103246127115e-01 3.208352115145601813e-02 -7.493057251337404030e-03 -4.552026392132188515e-03 9.994467373598643345e-01
1.320014756976323866e+00 2.789293689459575454e-01 -3.883981574041894813e-01 3.407664896448577008e-02 -6.133528510264469637e-03 -4.375056879333157067e-03 9.993908248031234676e-01
1.504826726581125040e+00 3.255572166560224412e-01 -3.966613212823864032e-01 2.395489850605374282e-02 -5.418315520624062895e-03 -4.408208262734118581e-03 9.996886377239645460e-01
1.638239528106173459e+00 3.920576739084228879e-01 -3.991476792389812012e-01 1.711523055103914698e-02 -4.934031029958515883e-03 -4.309666044089063321e-03 9.998320613980973270e-01
1.799674702989766839e+00 5.070174394940649698e-01 -4.010995674893094165e-01 1.119245297020756216e-02 -1.261182686023038088e-03 -4.502975296218677398e-03 9.999264281077002714e-01
1.933679067960388576e+00 6.160647177773999061e-01 -4.012844173855660834e-01 7.928772068887614960e-03 1.214479130798348794e-03 -4.837995235361248168e-03 9.999561257455364949e-01
2.073525772973387582e+00 7.174143210926714476e-01 -4.003706007182741278e-01 5.657888948781704050e-03 1.098764887201067941e-03 -4.500310562314971917e-03 9.999732637491908216e-01
2.275045744988111629e+00 8.792425940634779336e-01 -3.773750929772530238e-01 -6.030498670863007095e-03 4.935836921082925729e-04 -3.934200405209488036e-03 9.999739554248857631e-01
2.391330244152327644e+00 1.052678345622756195e+00 -3.668205707020188999e-01 -2.615135155756549007e-02 -5.576451310691129572e-03 -5.823575653764096784e-03 9.996254778511284300e-01
2.521143319931948401e+00 1.146583173648924703e+00 -3.731055981591507864e-01 -2.399320627524638774e-02 -5.780503199457882706e-03 -5.886212942739418690e-03 9.996780803501631452e-01
2.659092100659116387e+00 1.227373920750938208e+00 -3.792449633531063125e-01 -1.856473940388120650e-02 -4.940416848247464014e-03 -6.577929590959709708e-03 9.997938155312464659e-01
2.795287484101584230e+00 1.270146969347097921e+00 -3.881072873396219647e-01 -1.451791429588806387e-02 -4.245908046439569698e-03 -6.628243894013509732e-03 9.998636251070642800e-01
2.933257544411242090e+00 1.293735644342449476e+00 -3.915302242381916153e-01 -1.148100632937214434e-02 -3.662755928192147452e-03 -6.524837896708803042e-03 9.999060941923980650e-01
3.082394216017916744e+00 1.314305249430774092e+00 -3.935511881895130681e-01 -8.955678685425180058e-03 -3.092463823581804040e-03 -6.569867142779718672e-03 9.999335324572875550e-01
3.245408963727886675e+00 1.325744787074842446e+00 -3.939933471551120281e-01 -7.361778342521171394e-03 -2.617078150635412243e-03 -6.547426234093152268e-03 9.999480418158225303e-01
3.398678812510695035e+00 1.327963308156917766e+00 -3.947017031380817276e-01 -6.747342598520814430e-03 -2.263177592939710249e-03 -6.375543751116894385e-03 9.999543508765381672e-01
3.541678270731167810e+00 1.327309010737895312e+00 -3.947619720411164046e-01 -6.523157576210930446e-03 -2.240317680922401713e-03 -6.307664077099826676e-03 9.999563204289549923e-01
3.733405304376075318e+00 1.325045666936240929e+00 -3.941975135278633635e-01 -6.519003938917230200e-03 -2.242582320419504640e-03 -6.282572843596813221e-03 9.999565003992150203e-01
3.885998905891001609e+00 1.323292878450700538e+00 -3.938580436382700389e-01 -6.518459770398912952e-03 -2.243552663271817897e-03 -6.295388401308266851e-03 9.999564211697156146e-01
4.040040328513537560e+00 1.317732357556921308e+00 -3.962482546444725529e-01 -6.499088453716678031e-03 2.039418377539800565e-04 -6.088051708987708525e-03 9.999603271547258254e-01
4.182806042217135811e+00 1.317554181968444427e+00 -3.982032442913647774e-01 -6.515811355560589477e-03 9.953801428838364093e-04 -6.209613850624052210e-03 9.999589962176328450e-01
4.347550366051283532e+00 1.314490259846059494e+00 -3.988152818739204575e-01 -6.517437667096093699e-03 8.599973301466366316e-04 -6.140723764598586543e-03 9.999595366426056176e-01
4.527736465251958720e+00 1.311857938936380030e+00 -3.986400905589736476e-01 -6.522810190194587923e-03 7.748816345430675550e-04 -7.876772145230692690e-03 9.999474030999067065e-01
4.662287796485912850e+00 1.308776680909871981e+00 -3.969388223632087653e-01 -6.526081035562478726e-03 7.627349223455778902e-04 -8.844010344368196525e-03 9.999393041493990220e-01
4.840035843182002750e+00 1.297157256988577201e+00 -3.940075518988764847e-01 -7.416939341875100275e-03 -1.983733237361631329e-03 -2.095632578896913095e-02 9.997509120889406242e-01
4.966124482678779373e+00 1.287871878968963602e+00 -3.938796843998020325e-01 -8.942019842806195329e-03 -2.459546974068325086e-03 -3.981306174779590534e-02 9.991641061527778422e-01
5.114735978611694378e+00 1.270051155325635950e+00 -3.938845098396280830e-01 -8.847768074191141724e-03 -2.678627361526319129e-03 -6.508226340414335898e-02 9.978370813643664405e-01
5.281117847637689877e+00 1.242158867796962829e+00 -3.920025769893493717e-01 -8.740342876307804001e-03 -2.938065446056227232e-03 -9.407730217517426552e-02 9.955221923158118491e-01
5.431220054444400702e+00 1.209874191810635713e+00 -3.908742020706869047e-01 -8.667297808462291059e-03 -3.107290515232245722e-03 -1.147065997404172200e-01 9.933567429027424511e-01
5.545918989392122356e+00 1.181965127955074024e+00 -3.903285139761009104e-01 -8.621311844437876820e-03 -2.959855560721156957e-03 -1.209103689507384505e-01 9.926215768949095963e-01
5.687890294915321832e+00 1.147019796626534305e+00 -3.882939942605675432e-01 -1.237715282798564596e-02 -2.088289502872227484e-03 -1.240876147049567030e-01 9.921918710671132624e-01
5.817774739583827071e+00 1.112663954692921786e+00 -3.878171635530777150e-01 -1.292175951305966214e-02 -1.958411755075563886e-03 -1.292963487554609769e-01 9.915198671499176886e-01
5.940709278076582223e+00 1.072348823100590876e+00 -3.883392016983907569e-01 -1.244343957778331136e-02 -2.101957121586271651e-03 -1.422830077955215822e-01 9.897455674467012798e-01
6.060923628966195409e+00 1.019320510994733864e+00 -3.901462117350267267e-01 -1.175257411257225881e-02 -1.654544882359425739e-03 -1.526984517971558541e-01 9.882015595523578888e-01
6.176908962363267364e+00 9.653962454981773744e-01 -3.870786582404011078e-01 -1.084779697214858368e-02 -1.392459122266720591e-03 -1.569493412285499490e-01 9.875460954539632130e-01
6.287816548572799036e+00 9.064997746949042812e-01 -3.837304639912355597e-01 -9.732488597909058278e-03 -1.283190280023627141e-03 -1.588612510199684247e-01 9.872521131974180131e-01
6.411289557929590543e+00 8.337954546019282764e-01 -3.768439554919240653e-01 -8.380696832888268749e-03 -1.148080961150125742e-03 -1.597971652445519808e-01 9.871136265954935096e-01
6.508918764061835560e+00 7.640748891932889197e-01 -3.759593638976267416e-01 -7.758290354992303933e-03 -1.330910637710303220e-03 -1.599061403881316956e-01 9.871008377434460357e-01
6.604485406425180116e+00 6.908092447364211353e-01 -3.729154985514590015e-01 -6.285693249246625258e-03 -1.440929578662889388e-03 -1.597962314303854325e-01 9.871289572304989823e-01
6.709840600728940174e+00 6.213241817295819258e-01 -3.666931140302061021e-01 -5.892359756289751102e-03 -1.313801746429385390e-03 -1.598121178747658466e-01 9.871289890393530886e-01
6.831403498719664569e+00 5.457525343799591866e-01 -3.707342323490975255e-01 1.943317005898077994e-03 -2.589562849814397352e-03 -1.599620618307801834e-01 9.871178533782615228e-01
6.934851626874566577e+00 4.758479678009527869e-01 -3.704378541593651430e-01 3.225627783721480950e-03 -2.788547306495794183e-03 -1.597627307947333819e-01 9.871462349512001300e-01
7.039343256225361500e+00 4.213172151698049706e-01 -3.683134612977037037e-01 2.401359922605153779e-03 -2.499235997087089801e-03 -1.597381327325016753e-01 9.871533397811541599e-01
7.138973233684467345e+00 3.755943643864962933e-01 -3.690096556735087407e-01 1.533071323535623205e-03 -2.283384708809329221e-03 -1.598416039719062487e-01 9.871388440773044559e-01
7.253441627909460010e+00 3.291432048903693564e-01 -3.684607553727052842e-01 3.664410740417629441e-03 -2.462544818798586329e-03 -1.601171823734897637e-01 9.870881398718736044e-01
7.364137794871128406e+00 2.899146100030240980e-01 -3.715986028957529719e-01 6.690305931143035630e-03 -2.879484714818661157e-03 -1.603867951349022825e-01 9.870273675641825228e-01
7.490809407069622949e+00 2.480051668235055407e-01 -3.713612043119319805e-01 6.695845449357484998e-03 -2.885222281301318397e-03 -1.603434810015872958e-01 9.870343505908999449e-01
7.617192367157262112e+00 2.242738602727982200e-01 -3.710641794356829282e-01 8.970951172912092209e-03 -3.148949070026067689e-03 -1.606720205611461838e-01 9.869620600426372015e-01
7.746461713765203427e+00 2.067573856259586895e-01 -3.708115572847515695e-01 1.061781549918795926e-02 -3.304814609832744301e-03 -1.606415528644359325e-01 9.869501667701984227e-01
7.882272280798289898e+00 2.090195894879362526e-01 -3.719027709488397226e-01 8.300957751569994908e-03 -2.709644355521741588e-03 -1.610264978626818888e-01 9.869114544445986015e-01
8.029333730194034402e+00 2.256239892190585183e-01 -3.737208902977303682e-01 5.214357500306690367e-03 -2.011037175230650977e-03 -1.614039530943749967e-01 9.868726007600209238e-01
8.156295762300583618e+00 2.429140708934179327e-01 -3.763461626278439276e-01 2.888043905466099095e-03 -1.414453113964808054e-03 -1.616328370276298443e-01 9.868457247813298139e-01
8.274844553479908882e+00 2.662418615861553706e-01 -3.779390925620955688e-01 1.932487371629214258e-03 -1.093405665663424757e-03 -1.616222841369735763e-01 9.868501949267457496e-01
8.413982170282208628e+00 2.945085379839341155e-01 -3.788575630507174941e-01 1.181802224521597087e-03 -7.724948329642720816e-04 -1.613650935185932112e-01 9.868937699615754067e-01
8.563541598472491856e+00 3.259246205273240160e-01 -3.801501508619982150e-01 -7.533754321958403781e-06 -2.250954923851328823e-04 -1.610884673319400162e-01 9.869399449651982126e-01
8.698187084118623957e+00 3.633703523077095876e-01 -3.841829055817407301e-01 -8.233669045054131316e-04 4.053904072605871449e-05 -1.611252315805017377e-01 9.869336250081139905e-01
8.825946156381951013e+00 3.983090002544157904e-01 -3.871349645192793121e-01 -1.414781091097307370e-03 2.003178137494419486e-04 -1.611585673647378814e-01 9.869274919831664272e-01
8.956682914118966110e+00 4.343840306002457186e-01 -3.899132649833561004e-01 -1.779323369026424842e-03 3.409809765597875218e-04 -1.611899002636776324e-01 9.869217465398700817e-01
9.095670275695455942e+00 4.764310105903277193e-01 -3.937646316490864828e-01 -2.235742301761263744e-03 4.792834751658035125e-04 -1.612197445217950775e-01 9.869158858383210164e-01
9.232790111622643181e+00 5.107232017147455005e-01 -3.968097681742226435e-01 -1.372747318641468796e-02 2.429956366300018138e-03 -1.606445361858147292e-01 9.869138689802765541e-01
9.363569271471378741e+00 5.381483128089075141e-01 -4.002479321018322933e-01 -2.331163296613094835e-02 4.097262794438808961e-03 -1.600318132811055505e-01 9.868280493297740819e-01
9.485978836838597772e+00 5.647832747098261441e-01 -4.045569827680698394e-01 -2.332230740732685326e-02 4.188200084849828982e-03 -1.600694781304323466e-01 9.868213065840736320e-01
9.651294079305037243e+00 5.787628328276018808e-01 -4.089090567782897034e-01 -2.399863528504386778e-02 4.470954070862549409e-03 -1.601435786021787877e-01 9.867918272394839985e-01
9.785281908475718993e+00 5.691186491415531901e-01 -4.113259971055039932e-01 -2.592822539879120411e-02 5.023884427960076393e-03 -1.601960481112640611e-01 9.867318348378436577e-01
9.893922055357039724e+00 5.472323090167668935e-01 -4.150767524476407511e-01 -2.343802427223063214e-02 4.657792321167013132e-03 -1.602816329209399981e-01 9.867820236187444527e-01
1.000249112266748774e+01 5.143227462304139630e-01 -4.205384599667052470e-01 -2.193609506859870925e-02 4.419217878144311197e-03 -1.603052306832035145e-01 9.868138179322845094e-01
1.010830176910122979e+01 4.671767882197062627e-01 -4.197044120306966386e-01 -2.190331891489590357e-02 4.526057367210456484e-03 -1.599454243949749999e-01 9.868724439563263395e-01
1.019962432939227526e+01 4.092034815963727090e-01 -4.228578567818458422e-01 -1.975178137749508331e-02 4.230189657280586379e-03 -1.596778839897404489e-01 9.869624845922148060e-01
