2.771756561611758798e+02 -1.507507528443647793e+01 -7.783394378245498402e+00 2.411748405848216596e-03 1.401369937238072794e-02 -1.618243451796868432e-02 9.997679373297581051e-01
2.782077440586543275e+02 -1.510843114657590114e+01 -7.813356901771733476e+00 2.407397442457236136e-03 1.401152200583076143e-02 -1.615830422115493298e-02 9.997683686201173092e-01
2.792454199682558169e+02 -1.514175876311913527e+01 -7.843041912540602567e+00 2.407392666531208650e-03 1.401133367767260982e-02 -1.615823329274494735e-02 9.997683724173211939e-01
2.802937009010665861e+02 -1.517457651373907623e+01 -7.871803091190742840e+00 2.388591895553056430e-03 1.398820743244738249e-02 -1.710161567068672547e-02 9.997530492191736284e-01
2.813465296945844329e+02 -1.521057842501903501e+01 -7.901102293827701573e+00 2.362225168254029114e-03 1.389476943633903387e-02 -1.826327169571152070e-02 9.997338686778267647e-01
2.823979011681074098e+02 -1.524991762441318244e+01 -7.933231347995776339e+00 2.349125440726664883e-03 1.390434405703048701e-02 -1.922097917105558898e-02 9.997158120114502111e-01
2.834460776638069319e+02 -1.529621773253996686e+01 -7.967434065136691501e+00 2.361870271258531117e-03 1.485091929756984265e-02 -1.950523119210629056e-02 9.996966628537784505e-01
2.844972412590377076e+02 -1.534414541781058006e+01 -8.003894580194991448e+00 2.360759031963984879e-03 1.515473390371927659e-02 -1.965567701213494223e-02 9.996891592981765884e-01
2.855554961461341463e+02 -1.538595279924316017e+01 -8.037367470444284123e+00 2.346803502406918755e-03 1.516241013898722220e-02 -2.048720140170908616e-02 9.996723805381561023e-01
2.866198811806313529e+02 -1.543049332789555095e+01 -8.069528219791738621e+00 2.323694291286663906e-03 1.515118423828369469e-02 -2.159052663146679776e-02 9.996493841446580930e-01
2.876856298778940300e+02 -1.547723373210799025e+01 -8.101250755735561526e+00 2.291415057497980107e-03 1.501436789645260207e-02 -2.251322409159132662e-02 9.996311684389928010e-01
2.887510584722353997e+02 -1.552980385345441583e+01 -8.132509981832972912e+00 2.221357134760943916e-03 1.446124139292745761e-02 -2.345816575082486713e-02 9.996177532084261630e-01
2.898113115708447367e+02 -1.558067685530186708e+01 -8.164292403163244671e+00 2.185394283753930734e-03 1.426247145385350044e-02 -2.452398657343259070e-02 9.995951080524547727e-01
2.908667640684592470e+02 -1.563287830989045979e+01 -8.194408464159907979e+00 2.177253080269829499e-03 1.426229343568886573e-02 -2.489650661971176335e-02 9.995859195252370100e-01
2.919147000267762451e+02 -1.568553199093223682e+01 -8.226324157550438443e+00 2.178092060404252309e-03 1.426193755155065988e-02 -2.489707482644803321e-02 9.995859086228349177e-01
2.929592609062426618e+02 -1.573814201532248447e+01 -8.258735526465482479e+00 2.173914096138578750e-03 1.426001484890499806e-02 -2.488528624505394540e-02 9.995862387020508777e-01
2.939974706738005921e+02 -1.579137550290594483e+01 -8.291463665488347345e+00 2.187199068257806439e-03 1.441121464049240422e-02 -2.498093081134998908e-02 9.995816555682782711e-01
2.950354978326396918e+02 -1.584632437102384728e+01 -8.326352103715441544e+00 2.176884198665715413e-03 1.444729580762163512e-02 -2.473659241797591946e-02 9.995872337192884816e-01
2.960709517588251174e+02 -1.589809123204729602e+01 -8.357464750815077892e+00 2.178694354254326511e-03 1.444602854064368051e-02 -2.473463588885710385e-02 9.995872965067928995e-01
2.971062439613205584e+02 -1.594940070688769573e+01 -8.386372957163908737e+00 2.177850910723852507e-03 1.444591138654263869e-02 -2.473390294337639642e-02 9.995873181742606084e-01
2.981388524604856229e+02 -1.600077781380452535e+01 -8.415469232617427409e+00 2.167081783102342910e-03 1.441321624932262110e-02 -2.494984412021428871e-02 9.995824469408576274e-01
2.991657955947723053e+02 -1.605301290810891857e+01 -8.445211211284977537e+00 2.166192173177824021e-03 1.441328992139206261e-02 -2.496181717210555970e-02 9.995821488845112457e-01
3.001917111926149460e+02 -1.610452651129346080e+01 -8.475426320159543891e+00 2.165331507187965177e-03 1.441302409428245855e-02 -2.496135833969709283e-02 9.995821660402703923e-01
3.012176370882115748e+02 -1.615698725954172943e+01 -8.504403990161829796e+00 2.135681720307947354e-03 1.424706293167804852e-02 -2.543040895672337570e-02 9.995727859249190494e-01
3.022471315896483475e+02 -1.621223380514145873e+01 -8.532538574900042860e+00 2.082452487328916631e-03 1.380964593590435462e-02 -2.583750239682012714e-02 9.995685972161476585e-01
3.032751357575501174e+02 -1.626532097702563107e+01 -8.561269330232976316e+00 2.077387326920354053e-03 1.380574134631724209e-02 -2.596010706732444426e-02 9.995654850027714255e-01
3.042937969866076742e+02 -1.632926919864683768e+01 -8.600074163599375154e+00 1.494960822388063720e-03 1.538728355810046848e-02 -2.575535809257499531e-02 9.995487272396305078e-01
3.053134019796158327e+02 -1.638842592177118007e+01 -8.634994149813746134e+00 1.439032518692065672e-03 1.648947539224408440e-02 -2.577262554015765858e-02 9.995307890002516071e-01
