0.000000000000000000e+00 0.000000000000000000e+00 0.000000000000000000e+00 0.000000000000000000e+00 0.000000000000000000e+00 0.000000000000000000e+00 1.000000000000000000e+00
-2.567473948001861572e-01 -2.102556079626083374e-01 2.270959317684173584e-02 1.193461343969576746e-06 -3.327873400838208140e-06 2.657311142675530299e-06 9.999999999902198233e-01
1.802862497300134481e-01 -7.427182036554090816e-01 -1.284260166825118288e-01 -3.528350092913558679e-06 -1.710998361981691548e-05 7.708885555142135234e-05 9.999999968760537872e-01
3.537785245541601453e-01 -1.061673777842173205e+00 -1.855555016486804265e-01 -1.186537578211262697e-05 1.038078814796054307e-05 1.012506995325754283e-04 9.999999947498739994e-01
4.405761787741824254e-01 -1.344869399648337627e+00 -1.677361213053329692e-01 -4.237232132624059091e-06 6.341403921787661128e-06 1.132004445254815561e-04 9.999999935637459147e-01
2.575385081893870609e-01 -1.814976083243879490e+00 -2.586597260232952888e-01 1.966798231448254662e-05 -3.884005990987976519e-05 1.527201787427775927e-04 9.999999873905836001e-01
8.401480149506164175e-01 -2.232996921988706696e+00 -3.077189331724370369e-01 2.476306574192403359e-05 -5.111997736952422414e-05 1.931707298493092666e-04 9.999999797293035453e-01
7.415202569764876017e-01 -2.723250547827397838e+00 -3.840891612947774370e-01 2.265188674698994425e-05 -3.771542435396511476e-05 2.242541862571239121e-04 9.999999738872490385e-01
1.226836973142718890e+00 -2.940227076210148116e+00 -3.523686463728146201e-01 1.555457535471374921e-05 -1.771738289019604997e-06 1.917296060335215910e-04 9.999999814973370427e-01
9.671178434639301491e-01 -3.206882729567011037e+00 -3.000776832040769060e-01 3.360850949232463923e-05 -3.590789066697418143e-05 1.712477303283641862e-04 9.999999841276531187e-01
1.412742774168802340e+00 -3.491782575079856787e+00 -3.682919442259592335e-01 2.445454974135796898e-05 -4.393978878163705995e-05 2.029875431014963516e-04 9.999999781336634808e-01
1.244112974431632823e+00 -3.943386789236241086e+00 -3.698181181016658714e-01 2.396454560878997269e-05 -1.967063801407722168e-05 2.151802288684994931e-04 9.999999763681175491e-01
1.380533720129219821e+00 -4.252800276623431408e+00 -2.847176804967227470e-01 2.803527909986955005e-05 -1.065334567917104086e-05 2.082174601357601035e-04 9.999999778730090938e-01
1.662234064245698084e+00 -4.563724933006723106e+00 -3.428752993337263466e-01 3.311504429635577873e-05 -2.120055310023466672e-05 2.060728167031385637e-04 9.999999779939621192e-01
1.942370615984658766e+00 -4.784766875930563046e+00 -3.584890893752945007e-01 3.508427508632994065e-05 -3.225792501488330060e-05 2.318361882254733419e-04 9.999999719902504802e-01
2.130490848967315998e+00 -5.029113377778820393e+00 -3.542335102829251570e-01 4.548717233621369971e-05 4.693748193308415988e-06 2.179004554740668397e-04 9.999999752141383036e-01
2.277999247825959195e+00 -5.319434541085269252e+00 -3.647856910521951601e-01 4.286053972383945969e-05 2.130692941557061026e-05 2.375590687461932068e-04 9.999999706373383646e-01
2.169021091270961765e+00 -5.586822377572698173e+00 -3.305190320865606934e-01 5.968853553503141579e-05 -7.703106108034170704e-06 2.360715024136090037e-04 9.999999703240928239e-01
2.676574190332643877e+00 -5.782661122179294289e+00 -3.256557006499263274e-01 5.920330111886947205e-05 -2.685422828856214741e-06 2.456424379581645975e-04 9.999999680737746699e-01
2.455198358975222650e+00 -6.146934840464589378e+00 -3.292263807899713512e-01 4.866011184649726527e-05 4.816409026360414216e-05 2.594574271744650102e-04 9.999999639971279830e-01
2.443895937086133507e+00 -6.511180959793453127e+00 -2.526445475305086341e-01 5.528179451581577696e-05 5.164964389013428509e-05 2.710964557481310958e-04 9.999999603914737634e-01
2.466676349768396559e+00 -6.683836108154822320e+00 -2.320326830857429024e-01 6.416472455196405792e-05 4.924742390046291319e-05 2.551288246737501062e-04 9.999999641834304009e-01
2.739774321305458393e+00 -6.893933465522700033e+00 -2.366117798213266121e-01 5.941635901500904812e-05 3.292601382912377567e-05 2.840608141625584849e-04 9.999999573475130132e-01
2.893373950559015029e+00 -6.935224308755717715e+00 -2.172142154135456027e-01 5.775574830134977693e-05 9.910911457123935280e-05 2.587681025095921097e-04 9.999999599403622819e-01
3.034543081240940410e+00 -7.162654387669620704e+00 -1.794382302066643842e-01 6.122984571501561613e-05 1.059811730728144085e-04 2.498735088180901033e-04 9.999999612910626112e-01
3.231805381873511518e+00 -7.396483379819121851e+00 -1.275681273932874338e-01 8.326238857070076551e-05 8.291557106210504873e-05 2.252842886300150367e-04 9.999999677196854675e-01
3.495260322917220996e+00 -7.656426109388976720e+00 -1.750591668161179948e-01 7.690582762649279347e-05 1.182444321324652837e-04 2.382677818362874574e-04 9.999999616661053858e-01
3.414513618254554572e+00 -7.903091013887648231e+00 -1.747402960085170376e-01 8.204680311378472434e-05 1.660688097679567730e-04 2.356265664816140689e-04 9.999999550847958885e-01
3.502996389154110712e+00 -8.181724023094620435e+00 -1.296731999370483446e-01 8.757311344395337868e-05 1.745274921224913357e-04 2.196291800961432334e-04 9.999999568170627740e-01
3.618424133321637370e+00 -8.577696302930007732e+00 -7.973182136931460107e-02 1.010056832909111426e-04 1.525302362418393012e-04 2.420079381231731136e-04 9.999999539822673755e-01
3.805986278853009885e+00 -8.668621982482493493e+00 -7.920212501911250147e-02 1.020778609177096588e-04 1.692459700547602837e-04 2.331685954527326816e-04 9.999999532841578054e-01
3.648105874793364567e+00 -8.841099806835297059e+00 -7.440128592007985708e-02 1.016250466708672884e-04 2.088559557793004634e-04 2.188529306702862907e-04 9.999999490774659217e-01
3.665110786390573416e+00 -9.235474266773437080e+00 3.144410179736188693e-02 1.170791143368271647e-04 2.214888290005611682e-04 2.019315939844751871e-04 9.999999482294041897e-01
3.838768677542932828e+00 -9.448836771467927775e+00 5.025826151944681741e-02 1.136114988695235923e-04 2.293640177156258089e-04 1.711698469656928524e-04 9.999999525927280031e-01
4.598768815970760038e+00 -9.813153347771768509e+00 2.201073863929998292e-02 9.875324835941466650e-05 2.521569661544968634e-04 1.849019144081886102e-04 9.999999462379698389e-01
7.274591947567830452e+00 -9.891472007146262513e+00 1.118297209301487849e-01 8.851508824916015173e-05 1.883053528357913123e-04 2.031494257445022502e-04 9.999999577182412391e-01
1.143327326195455029e+01 -1.022941522367151634e+01 4.835020358270468721e-01 7.722005266331188542e-05 5.762908391923453750e-05 2.692071753874552501e-04 9.999999591217236805e-01
1.650161826111962782e+01 -1.035712721065478803e+01 9.554440166568598514e-01 7.450272394169366009e-05 -1.030687862380334698e-04 2.997035476126101109e-04 9.999999470019751424e-01
2.197201102552337915e+01 -1.049268480675111626e+01 1.280553852668754988e+00 7.071014749685214005e-05 -1.737882427052978593e-04 4.816012218461636308e-04 9.999998664289834194e-01
2.797497203549154321e+01 -1.047174973936867737e+01 1.308843471659689950e+00 8.025527534428125308e-05 -2.270953086588347312e-04 6.379114062218212752e-04 9.999997675278976539e-01
3.430268280906138756e+01 -1.054873704433648740e+01 1.427288906996403206e+00 8.050492118043814978e-05 -2.245622423546844802e-04 7.613998618537445731e-04 9.999996816804529454e-01
4.110298592784969429e+01 -1.058151100071192552e+01 1.532740463141456067e+00 7.982346249203834407e-05 -2.621109166203334237e-04 8.777426979098730542e-04 9.999995772468298627e-01
4.818550787081272091e+01 -1.047001190844452445e+01 1.497633138703500677e+00 8.168112650453783550e-05 -2.611727853503503435e-04 1.011852214975088662e-03 9.999994506358815816e-01
5.514493266412641503e+01 -1.053119983608301702e+01 1.397184358644209423e+00 7.489300862667103555e-05 -2.325732021604445506e-04 1.136841737520246243e-03 9.999993239455747807e-01
6.236100088040146261e+01 -1.040011681903479790e+01 1.211532743163114212e+00 7.325136109691469228e-05 -2.021544221494488776e-04 1.184039583145884891e-03 9.999992759087844574e-01
7.000047529822123238e+01 -1.045666946478626791e+01 1.021763289498089256e+00 6.229629081332912122e-05 -2.097470309369097276e-04 1.237810341852548218e-03 9.999992099751442431e-01
7.752350355860670561e+01 -1.048133660033697900e+01 5.763829379997700286e-01 6.446827045102113639e-05 -2.253808070395675665e-04 1.371632293064894851e-03 9.999990318356245522e-01
8.518632879135682856e+01 -1.036217165226168291e+01 7.546041330469366315e-02 6.906509696800780507e-05 -2.144780354474944562e-04 1.439960260709335525e-03 9.999989378712520471e-01
9.305675497143383268e+01 -1.032217447954819889e+01 -1.963206244250193522e-01 5.505182611031088775e-05 -1.368002070369563636e-04 1.443361029880848223e-03 9.999989474814148238e-01
1.013796675684048978e+02 -1.030241541163857910e+01 -3.200565985113951184e-01 2.940482405212836497e-05 -9.637598906643275688e-05 1.407857625164303560e-03 9.999990038914701174e-01
1.099166170403259741e+02 -1.027313770008924365e+01 -5.184707329557511901e-01 1.125937662096679455e-05 -4.045408145856226956e-05 1.423045235387409386e-03 9.999989865889624685e-01
1.181979300719165593e+02 -1.034381878767879392e+01 -8.007691579362641310e-01 -4.098507608653667484e-06 1.942505287843743588e-05 1.402617494768916041e-03 9.999990161345324591e-01
1.273287752379597180e+02 -1.028487068077358657e+01 -9.034128622803953013e-01 -2.232944270340320509e-05 1.094120551895394098e-04 1.334277412601961527e-03 9.999991036166905323e-01
1.362134213397926885e+02 -1.040621455406290785e+01 -1.113702534623264073e+00 -5.429642235591205439e-05 1.001786875659838592e-04 1.384602684057716472e-03 9.999990349453025118e-01
1.453381491468639126e+02 -1.039742897245642084e+01 -1.374263364783569363e+00 -7.770805279868764489e-05 9.646230492318859937e-05 1.376683791040671841e-03 9.999990446986545267e-01
1.547255347659232427e+02 -1.027189561692265229e+01 -1.590562110199318813e+00 -9.098731150123991077e-05 1.577950667276398688e-04 1.314899640114861957e-03 9.999991189300930783e-01
1.646229798244240499e+02 -1.015404284163196102e+01 -1.639098445371511170e+00 -9.562904260966909108e-05 2.413648526576770911e-04 1.227707263590358065e-03 9.999992126661745306e-01
1.745262908428990727e+02 -1.005358415296854879e+01 -1.697576327735629276e+00 -1.023584352253796190e-04 2.984869400659572489e-04 1.146529253511776106e-03 9.999992929492340643e-01
1.848771658141092757e+02 -9.936733439383278466e+00 -1.750978793382813592e+00 -1.064380154753253937e-04 3.626628127284617104e-04 1.100621826641680432e-03 9.999993228888847119e-01
1.951391063810242485e+02 -9.780965937858718817e+00 -1.813784808549870009e+00 -1.117840724900845043e-04 4.524683722414210964e-04 1.050421372437933308e-03 9.999993396955988434e-01
2.066102359737975860e+02 -9.735422323831713243e+00 -1.794780438602016526e+00 -1.124346867335097270e-04 4.517397942570324778e-04 1.050571926093158467e-03 9.999993397938958806e-01
2.176033350657943970e+02 -9.675253631677561472e+00 -1.746995583725648782e+00 -1.162299875128245389e-04 5.077278136471890385e-04 1.041500679173666634e-03 9.999993219894663943e-01
2.289980076772252744e+02 -9.618250406345595138e+00 -1.727610750794493333e+00 -1.157733347864312073e-04 5.068906109411606921e-04 1.041564567940106651e-03 9.999993224006175074e-01
2.405062088212735603e+02 -9.557071978053670591e+00 -1.723129384532415154e+00 -1.162580247916607056e-04 5.062215132780081535e-04 1.041695794305159874e-03 9.999993225466321523e-01
2.523278302553986236e+02 -9.491169379314950305e+00 -1.690899908342244018e+00 -1.163910287803499608e-04 5.055733978813683072e-04 1.041922075385937540e-03 9.999993226232988253e-01
2.639284758780763127e+02 -9.425193038911771737e+00 -1.687024657747882017e+00 -1.170586843884367946e-04 5.049045241150414360e-04 1.042020607716980744e-03 9.999993227806401874e-01
2.766631091908633380e+02 -9.355621977553527202e+00 -1.677509649168652528e+00 -1.164147447111647381e-04 5.040904179230896965e-04 1.041866205447920411e-03 9.999993234274050513e-01
2.886040240161484576e+02 -9.294842292662815808e+00 -1.677555994010395235e+00 -1.159554027441226623e-04 5.032211474850999643e-04 1.041686477561443733e-03 9.999993241058234839e-01
3.008200441562274250e+02 -9.219001808455205449e+00 -1.682370924773341825e+00 -1.161617870245121856e-04 5.025122797938756658e-04 1.041861927625947022e-03 9.999993242555574868e-01
3.128665738201218574e+02 -9.160677097986281936e+00 -1.681881904774488401e+00 -1.160434997084981457e-04 5.017319251327578876e-04 1.042043446020442460e-03 9.999993244719909136e-01
3.248901713615948665e+02 -9.096656406515961635e+00 -1.695197436593694151e+00 -1.153760661441715214e-04 5.008868811817982934e-04 1.042218594472054402e-03 9.999993247903206095e-01
3.368403180085072108e+02 -9.025669328595300911e+00 -1.659403805364100037e+00 -1.162524546415337549e-04 5.002269715050597669e-04 1.042180245744971437e-03 9.999993250591118210e-01
3.491594918643253891e+02 -8.974181784510971482e+00 -1.595509039884412061e+00 -1.168038123980018973e-04 4.995187393165663112e-04 1.042114014647869957e-03 9.999993254179119218e-01
3.613127831619769950e+02 -8.921944790674086079e+00 -1.551901502879935668e+00 -1.175079961453963118e-04 4.988467036129498600e-04 1.041950973900725944e-03 9.999993258407752217e-01
3.733107634846888345e+02 -8.876733447363919893e+00 -1.522827431637385986e+00 -1.174054591685169208e-04 4.980076205145409721e-04 1.041667544068730850e-03 9.999993265663210673e-01
3.849022850702498317e+02 -8.803832182557357555e+00 -1.456606162479039179e+00 -1.232145619522777508e-04 5.845978436754481478e-04 1.027199903538826131e-03 9.999992939616962895e-01
3.964100302883419431e+02 -8.752726868595820164e+00 -1.364601773849380306e+00 -1.271625475439029044e-04 6.468997296796795676e-04 1.016546197564451677e-03 9.999992659918578441e-01
4.080693976178093862e+02 -8.718078190940770966e+00 -1.341669694044772321e+00 -1.275015641869884394e-04 6.539343776466268647e-04 1.014944874513617817e-03 9.999992629997697113e-01
4.199317083425406167e+02 -8.678663972557872697e+00 -1.289942916626361624e+00 -1.276242306670316822e-04 6.531780011590265691e-04 1.014753346399411942e-03 9.999992636728290973e-01
4.314450769482291435e+02 -8.629883500937967966e+00 -1.279260770586757134e+00 -1.300874370691558815e-04 6.950266103541521577e-04 1.007642349822583444e-03 9.999992423357951798e-01
4.430964640658606868e+02 -8.583213658004057223e+00 -1.229257040398626044e+00 -1.298352269587089536e-04 6.941126731793954580e-04 1.007581007496949690e-03 9.999992430651755138e-01
4.543788131816925215e+02 -8.539570767316151390e+00 -1.132207729497834769e+00 -1.339067491773308373e-04 7.537325970095277647e-04 9.977626625757430971e-04 9.999992092125992160e-01
4.655845209396138102e+02 -8.450368805979378450e+00 -1.103677950375144157e+00 -1.341797849566484858e-04 7.529662395642603432e-04 9.976385580393628931e-04 9.999992098771552929e-01
4.765687071606063796e+02 -8.399850176051712580e+00 -1.030390148200401423e+00 -1.371984653289572479e-04 7.993614123458647617e-04 9.898752396303106896e-04 9.999991811721264945e-01
4.876827882351706762e+02 -8.350346947677236287e+00 -9.530351615545900046e-01 -1.417106139324792867e-04 8.745580349252728494e-04 9.775279688297030482e-04 9.999991297523291855e-01
4.985920027916421304e+02 -8.303101610287013656e+00 -8.745098779964304292e-01 -1.507310534315176509e-04 9.488244907219780481e-04 9.564687753204460059e-04 9.999990810894363591e-01
5.099959243104895563e+02 -8.266558805249241360e+00 -8.241162856642127998e-01 -1.508793652522608401e-04 9.480643332697508618e-04 9.565741943720807881e-04 9.999990816872021959e-01
5.208737870153377116e+02 -8.218098053471628361e+00 -7.534178137983117418e-01 -1.563069255041352342e-04 1.025986785224780162e-03 9.438695083649002639e-04 9.999990160143222839e-01
5.317503168235034536e+02 -8.125847158134913428e+00 -6.751810313601804836e-01 -1.682833464375262913e-04 1.117580322978652682e-03 8.902648858741024672e-04 9.999989650611493808e-01
5.433185028684829376e+02 -8.118794985377208562e+00 -6.376880302789559307e-01 -1.687030819592325601e-04 1.116841023330638130e-03 8.905915752728977165e-04 9.999989655254872822e-01
5.556345159131448099e+02 -8.081595534230190836e+00 -6.733532236138450866e-01 -1.690820321605387229e-04 1.116189567985797788e-03 8.909082763149894866e-04 9.999989659067443082e-01
5.666123570694402360e+02 -8.025276554578516297e+00 -5.879182560000484337e-01 -1.760366064014643817e-04 1.170512478303409321e-03 8.560663785345494622e-04 9.999989330304343005e-01
5.776073448033770319e+02 -7.970460515941049096e+00 -4.786924476832534192e-01 -1.847041642533467083e-04 1.237736157135353905e-03 8.285624416185759364e-04 9.999988736882944318e-01
5.880347187480583671e+02 -7.924856175765063959e+00 -5.565923940093661093e-01 -1.885208399998382052e-04 1.305471240049215637e-03 7.618242268915205754e-04 9.999988399136178208e-01
6.005312378089842014e+02 -7.893672619939613000e+00 -6.041069367809740465e-01 -1.887449863342170406e-04 1.304755062248402070e-03 7.622558894664152205e-04 9.999988404770860928e-01
6.111076954280098334e+02 -7.843731613890568610e+00 -6.308611735653698593e-01 -1.940911548243478364e-04 1.359729154922920038e-03 7.227100966214647327e-04 9.999987955769572556e-01
6.218542722033672590e+02 -7.782999544813124615e+00 -7.262157935449854440e-01 -2.018706740130354243e-04 1.376888655491295948e-03 6.074852100989154265e-04 9.999988471931260392e-01
6.331725851366205688e+02 -7.722709124231944777e+00 -7.184877090461053717e-01 -2.066848580583712652e-04 1.377166963509172384e-03 6.084031877238433965e-04 9.999988452683759022e-01
6.470005727270222451e+02 -7.658766355463704656e+00 -7.556265370514437807e-01 -2.063913750725121076e-04 1.372911272174114940e-03 5.284511088933836623e-04 9.999988966277234548e-01
6.580101765009451356e+02 -7.572974957343840963e+00 -7.489078944037068641e-01 -2.127416745138213043e-04 1.437947999071833693e-03 4.964571626382804003e-04 9.999988202877128085e-01
6.694240917303326341e+02 -7.540546634190284259e+00 -7.031743426040407696e-01 -2.159554885833689277e-04 1.466810936720893592e-03 4.919866350496176306e-04 9.999987798882825629e-01
6.804639269413283955e+02 -7.414909469653193419e+00 -7.934195833949392318e-01 -2.213550725926891679e-04 1.511506740301955289e-03 4.611511098123994928e-04 9.999987268436694166e-01
6.804154795225409771e+02 -7.680372359406953287e+00 -8.724586234317190936e-01 -2.243667781604790734e-04 1.515186111303771718e-03 4.897875397841390359e-04 9.999987069885454272e-01
